# Configuration Mrad dMrad Jx dJx dJy dJy dJz dJy Vx dVx Vy dVy Vz dVz
# Table XV of 1211.7099
NTH15PH0 0.0494 0.0001 -0.0015 0.0008 0.0199 0.0023 0.3690 0.0023 75 22 113 5 -456 2
NTH15PH30 0.0493 0.0001 -0.0090 0.0004 0.0154 0.0005 0.3687 0.0024 75 21 121 5 -248 2
NTH15PH60 0.0492 0.0001 -0.0140 0.0016 0.0068 0.0015 0.3685 0.0025 67 21 126 5 21 1
NTH15PH90 0.0492 0.0001 -0.0153 0.0022 -0.0035 0.0029 0.3690 0.0021 60 21 125 4 286 1
NTH15PH120 0.0493 0.0001 -0.0126 0.0022 -0.0129 0.0037 0.3689 0.0025 59 21 117 5 482 2
NTH15PH150 0.0494 0.0001 -0.0065 0.0017 -0.0189 0.0035 0.3692 0.0023 68 22 111 5 546 2
NTH30PH0 0.0481 0.0001 -0.0040 0.0021 0.0377 0.0036 0.3588 0.0028 129 21 41 6 -548 3
NTH30PH30 0.0478 0.0001 -0.0194 0.0009 0.0285 0.0003 0.3576 0.0032 116 19 71 5 -58 2
NTH30PH60 0.0477 0.0001 -0.0288 0.0015 0.0120 0.0039 0.3575 0.0035 85 16 81 6 417 1
NTH30PH90 0.0480 0.0001 -0.0324 0.0013 -0.0075 0.0060 0.3587 0.0036 64 16 61 7 809 2
NTH30PH120 0.0483 0.0001 -0.0271 0.0010 -0.0252 0.0070 0.3602 0.0031 74 18 30 8 1019 3
NTH30PH150 0.0483 0.0001 -0.0140 0.0011 -0.0362 0.0059 0.3601 0.0029 108 20 19 8 927 3
NTH45PH0 0.0456 0.0001 -0.0075 0.0041 0.0507 0.0015 0.3410 0.0039 103 12 -6 4 190 1
NTH45PH10 0.0456 0.0001 -0.0167 0.0051 0.0481 0.0000 0.3409 0.0041 85 11 10 3 425 1
NTH45PH20 0.0456 0.0001 -0.0258 0.0063 0.0445 0.0010 0.3412 0.0042 63 10 19 3 636 1
NTH45PH30 0.0457 0.0001 -0.0334 0.0066 0.0395 0.0021 0.3419 0.0041 40 10 20 3 820 1
NTH45PH40 0.0459 0.0001 -0.0397 0.0064 0.0331 0.0031 0.3422 0.0045 20 8 16 3 967 1
NTH45PH45 0.0459 0.0001 -0.0425 0.0063 0.0297 0.0035 0.3425 0.0046 12 8 12 3 1026 1
NTH45PH50 0.0460 0.0001 -0.0455 0.0068 0.0261 0.0038 0.3426 0.0049 3 8 5 3 1089 1
NTH45PH60 0.0462 0.0001 -0.0491 0.0062 0.0177 0.0049 0.3432 0.0051 -9 7 -10 4 1191 2
NTH45PH75 0.0464 0.0001 -0.0535 0.0069 0.0056 0.0048 0.3445 0.0049 -18 7 -41 4 1318 3
NTH45PH90 0.0466 0.0001 -0.0548 0.0074 -0.0081 0.0061 0.3455 0.0045 -11 8 -74 4 1380 3
NTH45PH975 0.0466 0.0001 -0.0530 0.0068 -0.0150 0.0065 0.3453 0.0048 -1 7 -89 6 1378 3
NTH45PH120 0.0466 0.0001 -0.0441 0.0052 -0.0338 0.0075 0.3452 0.0043 47 9 -111 6 1217 3
NTH45PH1125 0.0466 0.0001 -0.0480 0.0059 -0.0281 0.0075 0.3454 0.0045 29 9 -108 6 1297 3
NTH45PH1275 0.0465 0.0001 -0.0394 0.0042 -0.0388 0.0073 0.3448 0.0042 65 10 -110 7 1114 3
NTH45PH150 0.0460 0.0001 -0.0211 0.0003 -0.0494 0.0058 0.3431 0.0037 110 12 -76 6 633 2
NTH60PH0 0.0440 0.0001 -0.0101 0.0070 0.0640 0.0008 0.3260 0.0042 -109 4 121 1 1435 5
NTH60PH30 0.0444 0.0001 -0.0449 0.0119 0.0525 0.0003 0.3271 0.0048 -202 2 46 1 1568 4
NTH60PH60 0.0443 0.0001 -0.0674 0.0138 0.0269 0.0015 0.3275 0.0044 -194 3 -71 3 1447 3
NTH60PH90 0.0438 0.0000 -0.0736 0.0141 -0.0051 0.0015 0.3263 0.0036 -97 3 -145 3 1050 2
NTH60PH120 0.0430 0.0000 -0.0563 0.0063 -0.0385 0.0044 0.3233 0.0035 25 4 -96 3 227 1
NTH60PH150 0.0430 0.0000 -0.0260 0.0010 -0.0600 0.0041 0.3231 0.0039 26 4 43 3 -743 3
NTH120PH0 0.0333 0.0000 0.0040 0.0049 0.0713 0.0008 0.2683 0.0012 -105 1 48 2 480 3
NTH120PH30 0.0330 0.0000 -0.0339 0.0062 0.0659 0.0018 0.2667 0.0013 -43 2 -117 3 -101 1
NTH120PH60 0.0332 0.0000 -0.0617 0.0040 0.0433 0.0015 0.2678 0.0014 108 3 -145 4 -516 3
NTH120PH90 0.0335 0.0001 -0.0748 0.0021 0.0085 0.0009 0.2710 0.0005 229 4 -40 4 -835 5
NTH120PH120 0.0340 0.0001 -0.0668 0.0007 -0.0289 0.0005 0.2736 0.0001 223 3 147 3 -1155 5
NTH120PH150 0.0339 0.0001 -0.0401 0.0035 -0.0589 0.0010 0.2719 0.0006 26 2 199 2 -1008 5
NTH135PH0 0.0315 0.0000 0.0120 0.0016 0.0597 0.0008 0.2576 0.0016 -103 1 -105 2 -670 3
NTH135PH30 0.0318 0.0000 -0.0204 0.0033 0.0571 0.0001 0.2582 0.0021 21 2 -122 2 -898 5
NTH135PH60 0.0318 0.0000 -0.0464 0.0031 0.0389 0.0009 0.2582 0.0025 95 3 -36 1 -915 6
NTH135PH90 0.0317 0.0000 -0.0594 0.0017 0.0111 0.0005 0.2575 0.0031 66 3 75 1 -772 6
NTH135PH120 0.0314 0.0000 -0.0570 0.0008 -0.0197 0.0004 0.2562 0.0025 -61 1 120 2 -370 4
NTH135PH150 0.0313 0.0000 -0.0402 0.0001 -0.0455 0.0008 0.2560 0.0019 -154 1 22 1 210 1
NTH165PH0 0.0292 0.0001 0.0083 0.0017 0.0220 0.0008 0.2525 0.0023 -98 1 142 3 -288 2
NTH165PH30 0.0292 0.0001 -0.0044 0.0007 0.0212 0.0005 0.2527 0.0022 -82 1 141 3 -333 2
NTH165PH60 0.0292 0.0001 -0.0158 0.0006 0.0146 0.0016 0.2527 0.0022 -75 1 155 3 -293 2
NTH165PH90 0.0292 0.0001 -0.0230 0.0016 0.0041 0.0025 0.2526 0.0021 -84 1 170 3 -176 1
NTH165PH120 0.0292 0.0001 -0.0240 0.0023 -0.0074 0.0025 0.2523 0.0023 -100 1 171 3 -8 1
NTH165PH150 0.0292 0.0001 -0.0187 0.0023 -0.0169 0.0019 0.2523 0.0024 -107 1 157 3 164 1
# Table XVI of 1211.7099
STH45PH0 0.0380 0.0001 -0.0039 0.0022 0.0033 0.0029 0.3026 0.0035 -61 1 255 3 783 3
STH45PH30 0.0371 0.0001 -0.0046 0.0034 0.0018 0.0009 0.2988 0.0036 -14 1 261 2 -471 3
STH45PH60 0.0371 0.0001 -0.0047 0.0043 0.0013 0.0008 0.3000 0.0032 -16 2 265 2 -1335 6
STH45PH90 0.0376 0.0001 -0.0035 0.0040 0.0006 0.0010 0.3036 0.0025 -47 3 265 1 -1835 8
STH45PH120 0.0384 0.0001 -0.0003 0.0017 -0.0016 0.0011 0.3065 0.0025 -70 3 262 1 -2004 8
STH45PH150 0.0386 0.0001 0.0028 0.0009 -0.0032 0.0030 0.3068 0.0030 -89 1 254 2 -1707 5
KTH45PH0 0.0389 0.0001 -0.0026 0.0029 0.1083 0.0020 0.2797 0.0025 147 2 -486 1 -1777 4
KTH45PH30 0.0392 0.0001 -0.0670 0.0145 0.0932 0.0006 0.2802 0.0031 477 2 -314 2 -2022 3
KTH45PH60 0.0394 0.0001 -0.1143 0.0243 0.0517 0.0020 0.2809 0.0043 578 4 -7 1 -2042 5
KTH45PH90 0.0401 0.0001 -0.1251 0.0207 -0.0043 0.0024 0.2841 0.0053 469 7 327 2 -1991 3
KTH45PH105 0.0408 0.0001 -0.1166 0.0157 -0.0336 0.0030 0.2873 0.0050 295 5 447 4 -1805 2
KTH45PH120 0.0413 0.0001 -0.1011 0.0115 -0.0591 0.0029 0.2892 0.0048 63 3 430 5 -1355 2
KTH45PH135 0.0412 0.0001 -0.0809 0.0087 -0.0795 0.0028 0.2884 0.0044 -134 1 218 3 -578 1
KTH45PH150 0.0402 0.0001 -0.0565 0.0059 -0.0961 0.0045 0.2835 0.0047 -186 1 -113 2 411 3
KTH45PH165 0.0392 0.0001 -0.0290 0.0024 -0.1062 0.0045 0.2802 0.0036 -64 1 -387 1 1280 4
KTH22.5PH0 0.0385 0.0001 -0.0025 0.0038 	0.0642 0.0020 0.2929 0.0038 266 9 -43 1 	 -1641 4
KTH22.5PH30 0.0387 0.0001 -0.0320 0.0026 	0.0537 0.0015 0.2943 0.0031 337 9 130 1 	 -1315 6
KTH22.5PH60 0.0386 0.0001 -0.0531 0.0012 	0.0285 0.0047 0.2943 0.0028 231 9 296 1 	 -793 5
KTH22.5PH90 0.0380 0.0001 -0.0604 0.0001 	-0.0030 0.0058 0.2920 0.0034 33 8 315 1 	 -23 3
KTH22.5PH120 0.0375 0.0001 -0.0511 0.0017 	-0.0348 0.0070 0.2898 0.0037 -71 10 136 1	 948 1
KTH22.5PH150 0.0378 0.0001 -0.0278 0.0039 	-0.0567 0.0050 0.2903 0.0044 58 9 -55 1 	 1594 2
LPH0 0.0538 0.0002 -0.0085 0.0084 	0.0676 0.0004 0.3813 0.0071 74 10 334 6 	 2734 3
LPH30 0.0544 0.0002 -0.0460 0.0141 	0.0566 0.0011 0.3834 0.0068 -30 7 246 5 	 2181 1
LPH60 0.0545 0.0002 -0.0688 0.0132 	0.0312 0.0024 0.3840 0.0064 -51 9 150 5 	 1479 1
LPH90 0.0538 0.0002 -0.0765 0.0123 	-0.0050 0.0053 0.3819 0.0061 36 14 95 5 	 311 3
LPH120 0.0524 0.0002 -0.0639 0.0083 	-0.0371 0.0033 0.3767 0.0068 207 14 169 5	 -1473 3
LPH150 0.0525 0.0002 -0.0327 0.0004 	-0.0614 0.0021 0.3771 0.0070 231 13 341 6	 -2835 1
N9TH55PH0 0.0453 0.0001 -0.0099 0.0057 	0.0724 0.0097 0.3334 0.0057 59 2 43 3 	 499 2
N9TH55PH30 0.0458 0.0001 -0.0411 0.0061 	0.0550 0.0025 0.3362 0.0055 -49 6 68 3 	 1197 1
N9TH55PH60 0.0465 0.0001 -0.0641 0.0079 	0.0245 0.0029 0.3395 0.0055 -124 8 4 2 	 1592 1
N9TH55PH90 0.0471 0.0001 -0.0736 0.0116 	-0.0102 0.0052 0.3422 0.0052 -119 4 	-107 3 1804 4
N9TH55PH150 0.0458 0.0001 -0.0275 0.0003 	-0.0633 0.0066 0.3362 0.0045 89 1 -82 3 	 594 5
# Table XIX 1503.07536
NQ200TH30PH0 0.0323 0.0001 -0.0011 0.0002 0.0129 0.0002 0.2709 0.0027 -63 2 -178 2 390 2
NQ200TH30PH30 0.0323 0.0001 -0.0073 0.0001 0.0105 0.0002 0.2707 0.0027 -64 2 -184 2 309 2
NQ200TH30PH60 0.0322 0.0001 -0.0116 0.0001 0.0053 0.0001 0.2704 0.0027 -55 2 -190 2 152 2
NQ200TH30PH90 0.0322 0.0001 -0.0128 0.0002 -0.0013 0.0000 0.2703 0.0027 -47 2 -189 2 -46 2
NQ200TH30PH120 0.0322 0.0001 -0.0105 0.0002 -0.0076 0.0000 0.2704 0.0027 -47 2 -183 2 -238 2
NQ200TH30PH150 0.0323 0.0001 -0.0055 0.0002 -0.0118 0.0002 0.2707 0.0027 -54 2 -177 2 -365 2
NQ200TH60PH0 0.0303 0.0001 -0.0046 0.0021 0.0250 0.0028 0.2516 0.0017 -145 26 83 8 131 4
NQ200TH60PH30 0.0302 0.0001 -0.0130 0.0011 0.0151 0.0045 0.2490 0.0014 -132 20 67 8 -191 6
NQ200TH60PH60 0.0303 0.0001 -0.0187 0.0031 0.0011 0.0106 0.2481 0.0036 -121 18 51 2 -420 6
NQ200TH60PH90 0.0305 0.0001 -0.0210 0.0024 -0.0113 0.0114 0.2486 0.0041 -124 12 61 2 -593 6
NQ200TH60PH120 0.0306 0.0001 -0.0164 0.0026 -0.0216 0.0103 0.2529 0.0005 -134 20 88 2 -640 6
NQ200TH60PH150 0.0305 0.0001 -0.0071 0.0025 -0.0273 0.0079 0.2539 0.0032 -141 32 97 2 -455 2
NQ200TH90PH0 0.0308 0.0001 0.0053 0.0002 0.0281 0.0009 0.3083 0.0071 136 2 -46 2 586 4
NQ200TH90PH30 0.0304 0.0001 -0.0092 0.0003 0.0265 0.0009 0.3063 0.0071 84 2 -88 2 199 2
NQ200TH90PH60 0.0303 0.0001 -0.0212 0.0007 0.0185 0.0006 0.3065 0.0072 108 2 -83 2 -4 2
NQ200TH90PH90 0.0303 0.0001 -0.0275 0.0009 0.0054 0.0002 0.3072 0.0072 139 2 -85 2 -266 4
NQ200TH90PH120 0.0306 0.0002 -0.0265 0.0009 -0.0093 0.0002 0.3084 0.0072 169 2 -86 2 -566 4
NQ200TH90PH150 0.0308 0.0002 -0.0184 0.0006 -0.0217 0.0006 0.3093 0.0072 177 2 -52 2 -690 4
NQ200TH135PH0 0.0279 0.0001 0.0007 0.0002 0.0176 0.0006 0.2855 0.0067 67 2 72 2 -374 2
NQ200TH135PH30 0.0278 0.0001 -0.0082 0.0001 0.0156 0.0006 0.2851 0.0068 69 2 78 2 -195 2
NQ200TH135PH60 0.0278 0.0001 -0.0148 0.0007 0.0094 0.0004 0.2829 0.0058 65 6 89 2 21 2
NQ200TH135PH90 0.0278 0.0001 -0.0174 0.0007 0.0008 0.0003 0.2853 0.0068 52 2 95 2 214 2
NQ200TH135PH120 0.0279 0.0001 -0.0154 0.0007 -0.0081 0.0001 0.2858 0.0068 53 2 88 2 401 4
NQ200TH135PH150 0.0280 0.0001 -0.0093 0.0005 -0.0149 0.0004 0.2859 0.0067 61 2 75 2 457 4
NQ66TH60PH0 0.0449 0.0001 -0.0050 0.0008 0.0982 0.0090 0.3173 0.0024 -167 8 319 12 1886 10
NQ66TH60PH30 0.0448 0.0001 -0.0522 0.0058 0.0709 0.0063 0.3173 0.0015 -269 10 158 12 1736 8
NQ66TH60PH60 0.0443 0.0001 -0.0832 0.0063 0.0343 0.0088 0.3148 0.0028 -231 8 -9 10 1407 4
NQ66TH60PH90 0.0433 0.0000 -0.0949 0.0089 -0.0133 0.0114 0.3103 0.0042 -61 4 -76 8 739 4
NQ66TH60PH120 0.0427 0.0000 -0.0811 0.0088 -0.0621 0.0164 0.3075 0.0051 109 4 68 10 -398 4
NQ66TH60PH150 0.0438 0.0000 -0.0436 0.0041 -0.0938 0.0158 0.3111 0.0057 41 6 301 14 -1481 8
NQ50TH30PH0 0.0476 0.0003 -0.0009 0.0060 0.0556 0.0093 0.3434 0.0126 36 6 94 22 1225 14
NQ50TH30PH30 0.0473 0.0002 -0.0285 0.0007 0.0474 0.0038 0.3420 0.0109 -8 8 61 22 904 12
NQ50TH30PH60 0.0468 0.0003 -0.0483 0.0037 0.0261 0.0009 0.3405 0.0102 -3 8 12 20 425 8
NQ50TH30PH90 0.0465 0.0002 -0.0544 0.0059 -0.0018 0.0063 0.3397 0.0098 45 4 -12 20 -173 2
NQ50TH30PH120 0.0468 0.0002 -0.0465 0.0074 -0.0290 0.0107 0.3408 0.0102 95 4 18 20 -816 6
NQ50TH30PH150 0.0474 0.0002 -0.0265 0.0084 -0.0486 0.0125 0.3429 0.0110 89 6 73 18 -1232 10
NQ50TH60PH0 0.0411 0.0002 0.0105 0.0134 0.0996 0.0015 0.2854 0.0007 141 2 -339 2 -1775 10
NQ50TH60PH30 0.0405 0.0002 -0.0534 0.0024 0.0856 0.0011 0.2814 0.0007 197 6 -133 6 -1401 10
NQ50TH60PH60 0.0399 0.0002 -0.0823 0.0069 0.0539 0.0081 0.2803 0.0003 147 2 12 6 -1046 4
NQ50TH60PH90 0.0390 0.0002 -0.1033 0.0026 0.0014 0.0062 0.2760 0.0022 -35 2 38 4 -378 2
NQ50TH60PH120 0.0389 0.0002 -0.0972 0.0131 -0.0476 0.0075 0.2764 0.0019 -201 8 -180 4 803 8
NQ50TH60PH150 0.0406 0.0002 -0.0594 0.0115 -0.0869 0.0031 0.2830 0.0012 -77 2 -421 6 1739 8
NQ50TH90PH0 0.0339 0.0002 0.0026 0.0010 0.1356 0.0014 0.2412 0.0044 -219 4 600 8 1465 6
NQ50TH90PH30 0.0343 0.0002 -0.0658 0.0002 0.1186 0.0019 0.2437 0.0046 -544 6 380 6 1615 6
NQ50TH90PH60 0.0343 0.0002 -0.1167 0.0007 0.0692 0.0017 0.2448 0.0046 -647 8 36 4 1628 6
NQ50TH90PH90 0.0343 0.0002 -0.1348 0.0014 0.0013 0.0012 0.2450 0.0047 -486 8 -307 2 1548 6
NQ50TH90PH120 0.0330 0.0002 -0.1152 0.0017 -0.0645 0.0002 0.2389 0.0046 28 4 -269 4 780 6
NQ50TH90PH150 0.0324 0.0002 -0.0686 0.0015 -0.1143 0.0007 0.2355 0.0044 198 2 331 4 -657 2
NQ50TH135PH0 0.0233 0.0001 0.0393 0.0025 0.1014 0.0161 0.2060 0.0091 -181 22 26 12 -384 6
NQ50TH135PH30 0.0235 0.0001 -0.0121 0.0179 0.1130 0.0087 0.2026 0.0264 14 20 -124 4 -646 4
NQ50TH135PH60 0.0237 0.0001 -0.0569 0.0522 0.0985 0.0178 0.2067 0.0057 206 8 -61 18 -780 2
NQ50TH135PH90 0.0239 0.0001 -0.0856 0.0763 0.0533 0.0240 0.2111 0.0026 302 8 181 12 -856 4
NQ50TH135PH120 0.0239 0.0001 -0.0914 0.0687 -0.0066 0.0270 0.2128 0.0062 130 18 453 14 -688 4
NQ50TH135PH150 0.0234 0.0001 -0.0753 0.0354 -0.0620 0.0248 0.2094 0.0011 -174 22 358 12 -140 6
NQ33TH45PH0 0.0370 0.0004 -0.0045 0.0009 0.0831 0.0011 0.2665 0.0040 -112 8 -307 10 -1347 2
NQ33TH45PH30 0.0368 0.0004 -0.0454 0.0001 0.0696 0.0015 0.2657 0.0041 26 2 -285 12 -1144 4
NQ33TH45PH60 0.0365 0.0004 -0.0740 0.0007 0.0371 0.0013 0.2651 0.0041 128 4 -210 10 -955 4
NQ33TH45PH90 0.0359 0.0003 -0.0822 0.0014 -0.0051 0.0007 0.2632 0.0040 116 6 -102 6 -542 4
NQ33TH45PH120 0.0353 0.0003 -0.0680 0.0015 -0.0454 0.0001 0.2613 0.0039 -67 2 -85 4 361 4
NQ33TH45PH150 0.0363 0.0004 -0.0369 0.0014 -0.0738 0.0005 0.2647 0.0040 -192 8 -214 6 1205 2
NQ33TH75PH0 0.0279 0.0002 -0.0017 0.0009 0.1221 0.0017 0.1802 0.0035 -84 2 -46 4 393 2
NQ33TH75PH30 0.0275 0.0002 -0.0629 0.0001 0.1045 0.0019 0.1795 0.0036 60 2 -163 2 74 2
NQ33TH75PH60 0.0276 0.0002 -0.1070 0.0008 0.0583 0.0016 0.1808 0.0037 87 2 -99 2 203 2
NQ33TH75PH90 0.0273 0.0002 -0.1219 0.0015 -0.0038 0.0009 0.1804 0.0037 232 2 7 2 -91 2
NQ33TH75PH120 0.0282 0.0002 -0.1056 0.0018 -0.0665 0.0000 0.1833 0.0036 353 2 412 8 -1083 4
NQ33TH75PH150 0.0295 0.0002 -0.0599 0.0015 -0.1096 0.0009 0.1870 0.0037 12 4 474 8 -1342 4
NQ33TH100PH0 0.0228 0.0002 0.0401 0.0010 0.1272 0.0013 0.1257 0.0030 -249 2 850 8 871 2
NQ33TH100PH30 0.0230 0.0002 -0.0301 0.0003 0.1304 0.0016 0.1268 0.0032 -699 4 604 8 895 2
NQ33TH100PH60 0.0229 0.0002 -0.0926 0.0005 0.0980 0.0016 0.1265 0.0033 -876 8 186 6 885 2
NQ33TH100PH90 0.0231 0.0002 -0.1300 0.0013 0.0374 0.0012 0.1274 0.0032 -859 10 -333 4 900 4
NQ33TH100PH120 0.0226 0.0002 -0.1276 0.0016 -0.0319 0.0004 0.1250 0.0032 -261 8 -626 2 559 2
NQ33TH100PH150 0.0216 0.0002 -0.0967 0.0015 -0.0875 0.0005 0.1206 0.0031 263 2 309 4 -458 2
NQ33TH135PH0 0.0159 0.0001 0.0628 0.0007 0.0510 0.0004 0.1182 0.0024 34 2 -351 2 -447 2
NQ33TH135PH30 0.0161 0.0001 0.0279 0.0004 0.0767 0.0008 0.1195 0.0024 247 2 -453 2 -453 2
NQ33TH135PH60 0.0162 0.0001 -0.0153 0.0000 0.0812 0.0009 0.1200 0.0025 483 2 -315 4 -432 4
NQ33TH135PH90 0.0163 0.0001 -0.0554 0.0004 0.0624 0.0008 0.1197 0.0026 636 2 -63 2 -353 4
NQ33TH135PH120 0.0161 0.0001 -0.0790 0.0007 0.0265 0.0005 0.1170 0.0026 515 4 171 2 -76 2
NQ33TH135PH150 0.0157 0.0001 -0.0805 0.0008 -0.0130 0.0000 0.1159 0.0025 118 2 -8 2 301 2
NQ25TH30PH0 0.0308 0.0004 -0.0001 0.0006 0.0547 0.0010 0.2283 0.0028 -24 6 12 4 80 6
NQ25TH30PH30 0.0308 0.0004 -0.0272 0.0001 0.0473 0.0011 0.2288 0.0027 -38 6 72 2 341 4
NQ25TH30PH60 0.0309 0.0004 -0.0472 0.0005 0.0274 0.0009 0.2293 0.0028 -114 8 110 2 614 2
NQ25TH30PH90 0.0312 0.0005 -0.0548 0.0010 0.0003 0.0004 0.2304 0.0027 -193 10 61 4 756 4
NQ25TH30PH120 0.0314 0.0005 -0.0479 0.0012 -0.0271 0.0002 0.2320 0.0029 -212 8 -42 8 791 6
NQ25TH30PH150 0.0315 0.0005 -0.0279 0.0010 -0.0477 0.0008 0.2317 0.0028 -153 8 -118 10 663 10
NQ25TH60PH0 0.0246 0.0002 -0.0048 0.0011 0.0952 0.0012 0.1575 0.0018 -77 4 78 2 -97 4
NQ25TH60PH30 0.0245 0.0002 -0.0520 0.0005 0.0795 0.0014 0.1578 0.0020 -139 4 75 2 72 4
NQ25TH60PH60 0.0245 0.0002 -0.0849 0.0003 0.0425 0.0013 0.1587 0.0021 -131 4 -19 2 -15 4
NQ25TH60PH90 0.0245 0.0002 -0.0948 0.0011 -0.0061 0.0008 0.1594 0.0016 -117 2 -84 2 37 4
NQ25TH60PH120 0.0250 0.0003 -0.0797 0.0014 -0.0540 0.0000 0.1608 0.0017 -266 6 -239 4 889 2
NQ25TH60PH135 0.0259 0.0003 -0.0644 0.0016 -0.0732 0.0004 0.1639 0.0018 -246 10 -310 2 1165 2
NQ25TH60PH150 0.0261 0.0003 -0.0442 0.0015 -0.0870 0.0009 0.1640 0.0019 -165 12 -283 2 1106 4
NQ25TH60PH165 0.0255 0.0003 -0.0205 0.0014 -0.0943 0.0012 0.1613 0.0017 -85 10 -147 2 733 4
NQ25TH90PH0 0.0185 0.0002 0.0182 0.0012 0.1128 0.0015 0.0847 0.0024 240 2 -1 4 -202 2
NQ25TH90PH30 0.0185 0.0002 -0.0417 0.0004 0.1067 0.0019 0.0853 0.0027 225 4 108 4 -236 2
NQ25TH90PH60 0.0191 0.0002 -0.0920 0.0007 0.0709 0.0018 0.0883 0.0028 419 8 159 2 -536 2
NQ25TH90PH90 0.0190 0.0002 -0.1150 0.0014 0.0146 0.0012 0.0880 0.0028 228 8 329 2 -489 2
NQ25TH90PH120 0.0181 0.0002 -0.1074 0.0018 -0.0429 0.0001 0.0835 0.0026 -327 2 -168 2 244 2
NQ25TH90PH150 0.0197 0.0002 -0.0736 0.0016 -0.0940 0.0010 0.0892 0.0023 29 2 -743 6 792 2
NQ25TH135PH0 0.0116 0.0001 0.0567 0.0006 0.0314 0.0003 0.0794 0.0014 -163 4 -471 2 -207 2
NQ25TH135PH30 0.0117 0.0001 0.0329 0.0004 0.0570 0.0006 0.0792 0.0015 65 4 -548 2 -141 2
NQ25TH135PH60 0.0117 0.0001 -0.0002 0.0001 0.0670 0.0007 0.0793 0.0015 333 4 -440 2 -134 2
NQ25TH135PH90 0.0118 0.0001 -0.0344 0.0002 0.0583 0.0006 0.0784 0.0017 489 2 -236 2 -57 2
NQ25TH135PH120 0.0115 0.0001 -0.0568 0.0005 0.0343 0.0003 0.0761 0.0018 282 2 -70 2 159 2
NQ25TH135PH150 0.0112 0.0001 -0.0643 0.0006 0.0030 0.0000 0.0779 0.0016 -122 4 -221 2 258 2
NQ25TH150PH0 0.0112 0.0001 0.0714 0.0016 0.0360 0.0004 0.0983 0.0039 30 2 351 2 152 2
NQ25TH150PH30 0.0113 0.0001 0.0435 0.0011 0.0678 0.0012 0.0982 0.0039 -120 2 383 4 78 2
NQ25TH150PH60 0.0113 0.0001 0.0033 0.0004 0.0810 0.0016 0.0978 0.0040 -273 2 296 4 13 2
NQ25TH150PH90 0.0113 0.0001 -0.0379 0.0005 0.0722 0.0016 0.0967 0.0040 -323 4 150 2 -82 2
NQ25TH150PH120 0.0112 0.0001 -0.0678 0.0012 0.0447 0.0012 0.0959 0.0040 -178 4 73 2 -198 2
NQ25TH150PH150 0.0111 0.0001 -0.0798 0.0016 0.0058 0.0004 0.0972 0.0040 25 2 190 2 -224 2
NQ16TH45PH0 0.0192 0.0003 0.0002 0.0010 0.0598 0.0017 0.1320 0.0018 -92 2 -197 14 -363 8
NQ16TH45PH30 0.0190 0.0003 -0.0295 0.0014 0.0511 0.0013 0.1312 0.0010 -0 4 -143 10 -189 6
NQ16TH45PH60 0.0191 0.0003 -0.0515 0.0004 0.0300 0.0013 0.1324 0.0019 116 12 -162 8 -311 8
NQ16TH45PH90 0.0193 0.0003 -0.0598 0.0012 0.0005 0.0008 0.1339 0.0021 232 14 -90 2 -415 10
NQ16TH45PH120 0.0186 0.0003 -0.0507 0.0015 -0.0293 0.0003 0.1309 0.0022 -111 2 -47 6 330 4
NQ16TH45PH150 0.0193 0.0003 -0.0301 0.0014 -0.0517 0.0013 0.1330 0.0021 -228 6 -199 14 611 6
NQ16TH90PH0 0.0115 0.0001 0.0187 0.0009 0.0735 0.0007 0.0253 0.0012 66 4 -369 2 -153 2
NQ16TH90PH30 0.0114 0.0001 -0.0214 0.0004 0.0722 0.0008 0.0256 0.0014 160 4 -251 2 -93 2
NQ16TH90PH60 0.0122 0.0001 -0.0581 0.0002 0.0502 0.0009 0.0289 0.0018 -288 2 -125 2 275 4
NQ16TH90PH90 0.0123 0.0001 -0.0762 0.0010 0.0136 0.0008 0.0293 0.0015 -239 2 -268 2 312 4
NQ16TH90PH120 0.0114 0.0001 -0.0724 0.0014 -0.0234 0.0003 0.0255 0.0009 271 2 234 2 -143 2
NQ16TH90PH150 0.0125 0.0001 -0.0515 0.0015 -0.0580 0.0001 0.0291 0.0012 -100 4 429 2 -330 6
NQ16TH115PH0 0.0089 0.0001 0.0539 0.0010 0.0392 0.0005 0.0177 0.0011 -61 4 -481 2 79 2
NQ16TH115PH30 0.0089 0.0001 0.0270 0.0007 0.0612 0.0008 0.0172 0.0010 190 4 -441 2 76 2
NQ16TH115PH60 0.0085 0.0001 -0.0059 0.0003 0.0651 0.0011 0.0155 0.0011 196 4 -217 2 -50 2
NQ16TH115PH90 0.0085 0.0001 -0.0380 0.0004 0.0533 0.0010 0.0148 0.0013 265 2 -90 2 -56 2
NQ16TH115PH120 0.0092 0.0001 -0.0629 0.0009 0.0251 0.0006 0.0155 0.0012 445 2 250 2 130 2
NQ16TH115PH150 0.0085 0.0001 -0.0636 0.0011 -0.0056 0.0000 0.0159 0.0011 -138 2 -22 2 130 2
NQ16TH135PH0 0.0069 0.0000 0.0425 0.0005 0.0102 0.0001 0.0386 0.0006 134 2 2 2 -162 2
NQ16TH135PH30 0.0070 0.0000 0.0324 0.0004 0.0311 0.0002 0.0385 0.0006 118 2 109 2 -166 2
NQ16TH135PH60 0.0069 0.0000 0.0128 0.0002 0.0433 0.0004 0.0384 0.0008 61 2 121 2 -167 2
NQ16TH135PH90 0.0069 0.0000 -0.0104 0.0001 0.0443 0.0004 0.0384 0.0007 35 2 100 4 -163 2
NQ16TH135PH120 0.0068 0.0000 -0.0304 0.0004 0.0329 0.0004 0.0400 0.0006 201 2 39 2 -96 2
NQ16TH135PH150 0.0071 0.0000 -0.0443 0.0005 0.0110 0.0002 0.0398 0.0007 342 2 84 2 80 2
NQ16TH150PH0 0.0063 0.0000 0.0326 0.0003 0.0044 0.0001 0.0487 0.0011 226 2 50 2 -64 2
NQ16TH150PH30 0.0062 0.0000 0.0265 0.0003 0.0196 0.0003 0.0486 0.0012 175 2 81 2 -85 2
NQ16TH150PH60 0.0062 0.0000 0.0135 0.0001 0.0300 0.0004 0.0487 0.0011 133 2 101 2 -94 2
NQ16TH150PH90 0.0061 0.0001 -0.0029 0.0001 0.0326 0.0004 0.0491 0.0011 124 2 83 2 -94 2
NQ16TH150PH120 0.0061 0.0001 -0.0188 0.0002 0.0259 0.0003 0.0499 0.0011 193 2 35 2 -66 2
NQ16TH150PH150 0.0062 0.0000 -0.0303 0.0003 0.0120 0.0001 0.0496 0.0010 261 2 26 2 4 2
